3.70605
3.70605
3.70605
3.70605
3.70605
3.70605
3.70605
3.70605
3.70605
3.70605
3.70605
3.70605
3.70605
3.70605
3.70605
3.70605
3.70605
3.70605
3.70605
3.70605
3.70605
3.70605
3.70605
3.70605
3.70605
3.70605
3.70605
3.70605
3.70605
3.70605
3.70605
3.70605
3.70605
3.70605
3.70605
3.70605
3.70605
3.70605
3.70605
3.70605
3.70605
3.70605
3.70605
3.70605
3.70605
3.70605
3.70605
3.70605
3.70605
3.70605
3.70605
3.70605
3.70605
3.70605
3.70605
3.70605
3.70605
3.70605
3.70605
3.70605
3.70605
3.70605
3.70605
3.70605
3.70605
3.70605
3.70605
3.70605
3.70605
3.70605
3.70605
3.70605
3.70605
3.70605
3.70605
3.70117
3.70605
3.70605
3.70605
3.70605
3.70605
3.70605
3.70605
3.70605
3.70605
3.70605
3.70605
3.70605
3.70605
3.70605
