1.53809
1.53809
1.53809
1.54297
1.53809
1.53809
1.53809
1.53809
1.53809
1.53809
1.53809
1.53809
1.53809
1.53809
1.53809
1.53809
1.53809
1.53809
1.53809
1.53809
1.53809
1.53809
1.53809
1.53809
1.53809
1.53809
1.53809
1.53809
1.53809
1.53809
1.53809
1.53809
1.53809
1.53809
1.53809
1.53809
1.53809
1.53809
1.53809
1.53809
1.53809
1.53809
1.53809
1.53809
1.53809
1.53809
1.53809
1.53809
1.53809
1.53809
1.53809
1.53809
1.53809
1.53809
1.53809
1.53809
1.53809
1.53809
1.53809
1.53809
1.53809
1.53809
1.53809
1.53809
1.53809
1.53809
1.53809
1.53809
1.53809
1.53809
1.53809
1.53809
1.53809
1.53809
1.53809
1.53809
1.53809
1.53809
1.53809
1.53809
